4.651192000000000104e-01 -4.632511500000000004e-01 3.796993399999999963e-01
4.986725443574480110e-01 -1.680227325486551293e-01 3.862463390599356061e-01
4.998785739915871384e-01 -7.500812641142440285e-09 5.308443371179980552e-01
4.804270088134762751e-08 -4.721703077354214018e-09 4.133342304057188721e-01
4.984417903534291150e-01 -1.999391193402144662e-01 4.671404913927027502e-01
2.224910360115739394e-09 -4.446027280342011723e-08 4.642074766136554120e-01
4.990144612695516235e-01 -1.999579997119715069e-01 4.578715455082297825e-01
1.175822981758223307e-07 -2.814588667326978211e-06 4.707569160161083621e-01
4.983463332197190510e-01 -1.981186833937725877e-01 4.570972974749653583e-01
4.456692732079936548e-07 -5.027932004246231010e-14 4.705257539833375136e-01
4.701718340138017482e-01 -1.999808917252333118e-01 4.517665717400652370e-01
6.574639494863809830e-03 -1.083706877301514673e-08 4.703843470317840558e-01
4.990122106291021709e-01 -1.997860866984236816e-01 4.486104495679528181e-01
2.492502963469256372e-07 -2.961975191506649452e-08 4.673184839922078226e-01
4.987049624410898052e-01 -1.998407905549626495e-01 4.452792638855485041e-01
3.102851679481766212e-07 -1.870169870320237404e-07 4.709420323535639663e-01
4.990608397405647545e-01 -1.999516483772903197e-01 4.537410265837153456e-01
1.141982475250102880e-07 -8.438599010188174709e-08 4.694986101142273882e-01
2.540222304909931506e-01 -1.999924407642801327e-01 4.557369932772902810e-01
4.999881945743559486e-01 -5.373408656111910986e-06 4.654634018700945508e-01
1.124051872691822496e-07 -4.012587974085504716e-08 4.646877292929628700e-01
4.990659061078976388e-01 -1.999956527067539291e-01 4.486513301973855117e-01
2.378955596404885853e-07 -1.080610626723321754e-06 4.716536754409298426e-01
4.747395121057003120e-01 -1.999435099814685368e-01 4.498798417835173091e-01
2.964729492113682419e-06 -1.506774653981554461e-11 4.650746877608764596e-01
4.994008885121783980e-01 -1.998585182192795795e-01 4.437372242022431523e-01
4.880614584481010598e-01 -1.610196184685663834e-07 4.718427133146800290e-01
4.012371855321994474e-07 -1.030733272800073153e-08 4.183950076116781380e-01
4.985469569324899597e-01 -2.289990257587526390e-03 4.707657573694625786e-01
1.235116764419785795e-08 -2.717697196695512130e-06 4.613579628792861542e-01
4.991558959147671670e-01 -1.999820820423610368e-01 4.596912587821853080e-01
1.476523003307583792e-07 -3.147627589992346708e-06 4.698899365192390487e-01
4.993554012170415279e-01 -1.999811831868823220e-01 4.526475318174332796e-01
4.266279873821332558e-08 -1.558973394969256909e-07 4.687528107646822817e-01
4.989131514172467918e-01 -1.999428959244778647e-01 4.657648676860763337e-01
4.449151436158871320e-09 -4.882354434632141249e-07 4.682645752617828339e-01
4.991040345135108192e-01 -1.998131895643657230e-01 4.557607953329307904e-01
3.849491739260635370e-09 -1.220480847323457407e-07 4.705205805818813980e-01
4.990336295867379146e-01 -1.999877578986975490e-01 4.464261961162978576e-01
6.582791148290745298e-08 -1.490748300784008884e-07 4.688213792736349861e-01
1.981139785208408666e-01 -1.998998921042271504e-01 4.557458274367259810e-01
4.933467726008843313e-01 -9.543543498291562344e-04 4.672176867941841838e-01
5.272120365273913478e-09 -1.919983472176926137e-09 4.693126450811158090e-01
4.994333424672662836e-01 -1.980821930404885745e-04 4.563079885800886415e-01
1.979924806570776408e-09 -1.580981567668449106e-06 4.683116161631207808e-01
4.991931777264946857e-01 -1.999861259385880552e-01 4.524651815442206071e-01
4.062869565779614334e-08 -1.315290300632487863e-08 4.657810537912096538e-01
4.989436782639757872e-01 -1.999651372206584510e-01 4.603848814981527648e-01
6.622896675523293197e-10 -1.626504337356830809e-09 4.538503607674256868e-01
4.431000782614805122e-01 -1.998993085375808387e-01 4.526170414806237607e-01
4.538181680446840005e-08 -1.727151423589574561e-11 4.629998519401350432e-01
4.989115716407943601e-01 -1.999642405252096689e-01 4.539352747378724295e-01
6.629094806597346512e-03 -2.728348087047485770e-07 4.647790004934089780e-01
4.990620604745323319e-01 -1.999831630592653620e-01 4.446692940939042660e-01
4.896904341467056554e-07 -1.681665199801396504e-08 4.697282379916103978e-01
4.989524676766109446e-01 -1.999944843119380589e-01 4.544969426900576370e-01
1.524842985212160329e-07 -6.355023654779079489e-07 4.678637297143033447e-01
4.989269010994406006e-01 -1.999987975262662587e-01 4.541944107545110576e-01
3.811705461642056481e-03 -3.051792825427279698e-07 4.666695017181478056e-01
4.989802965135693991e-01 -1.999517941027709744e-01 4.543250662611512114e-01
1.645564789987119525e-07 -2.236980111494646373e-07 4.657037677709897072e-01
4.989218120192869255e-01 -1.999920756497562402e-01 4.541675394245439645e-01
4.193741198754707966e-08 -2.949400766314152350e-09 4.623546746446959288e-01
4.991309028504642420e-01 -1.999998112920872984e-01 4.459281169523440780e-01
9.501709180743944660e-10 -1.181583734008451181e-06 4.675913725610456595e-01
2.692313767396860014e-01 -1.996289795257607247e-01 4.591463258556426341e-01
5.051669471622943774e-09 -1.997812393011563215e-01 4.304810376519871418e-01
4.992368401593063609e-01 -1.999396112468889153e-01 4.725010044478384352e-01
1.546867460511247572e-09 -8.736959578471009680e-08 4.501789168391739926e-01
4.486993491041136872e-01 -1.999981423436869299e-01 4.577770160306499636e-01
2.449074623656066763e-11 -1.077444893965136610e-11 4.675289521623823275e-01
4.990902898447796554e-01 -1.999251009240505528e-01 4.655349057292584858e-01
5.796217458775565490e-08 -2.365007440509629341e-10 4.695681810338481199e-01
4.870693616522047131e-01 -1.999910741543566017e-01 4.500049404656223384e-01
1.050048341338649660e-03 -1.151518875695464739e-09 4.717107907120324795e-01
4.994209039122419203e-01 -1.987729959136179114e-01 4.531290878729377636e-01
4.817394594347490511e-08 -8.774568429487095145e-09 4.634479502113865723e-01
4.988135960492819931e-01 -1.999780602155040443e-01 4.555434641049253552e-01
2.207538393750319017e-08 -6.102663478429332100e-07 4.677853953581560531e-01
4.992273656332997245e-01 -1.999831265437437000e-01 4.566178632414275018e-01
1.559171801668313151e-07 -1.448727995782828071e-06 4.599983421062881495e-01
4.992246271759289700e-01 -1.999736102374788660e-01 4.484955093723315134e-01
3.704809270563963475e-09 -2.970507691647111814e-08 4.712991754486279272e-01
4.989381986284757153e-01 -1.999396210976455146e-01 4.486079964730535496e-01
4.013353138154762689e-07 -1.473727445199662922e-09 4.676006410790023438e-01
4.987620102238710107e-01 -1.956165526553445277e-01 4.566984189105011693e-01
1.034397773547190980e-07 -2.048294320013827052e-06 4.676727716791852507e-01
4.991196434138383542e-01 -1.999890620219428039e-01 4.533051911105899223e-01
2.401746928004655501e-07 -2.790913798049292349e-08 4.657690709314641353e-01
4.988382282548917690e-01 -1.993065350876670472e-01 4.485092592061086791e-01
3.360010181449776256e-01 -4.087877707864562282e-08 4.573743133389651105e-01
8.183228494207384074e-05 -1.661103830278166243e-08 4.630354466011410430e-01
4.469977686051631038e-01 -1.992599920945098690e-01 4.559955263035184170e-01
2.653521558186600071e-04 -1.963575704485610862e-10 4.710941224554515139e-01
4.992670926766133999e-01 -1.999836152734565387e-01 4.508241879906781380e-01
6.072649155197673565e-07 -2.084196549529543363e-07 4.701634348979329414e-01
2.543101288038934205e-01 -1.999490661056037566e-01 4.517727405133349916e-01
4.999659107891818444e-01 -1.998487822639435085e-01 4.695043169052289800e-01
6.050888936987020017e-07 -6.941029969862420879e-09 4.546215804819868089e-01
4.981108983477731122e-01 -1.998114344343155657e-01 4.520278048301862306e-01
3.381648820965921232e-07 -7.026104083263096101e-08 4.648311126129371362e-01
4.994297193940285817e-01 -1.999507731303741820e-01 4.545549729440833686e-01
2.968705539729832310e-07 -1.407531366386799432e-06 4.706566734257296436e-01
4.990078039033801760e-01 -1.999560002562505712e-01 4.555369331186685522e-01
1.328065346584139661e-08 -3.798472291054524885e-07 4.703291632042697623e-01
4.989766724500875883e-01 -1.998860453747338117e-01 4.530582954294319897e-01
1.550587878096365557e-07 -8.045183525172416861e-07 4.589710580233090087e-01
4.986354248122150112e-01 -1.999946086375506971e-01 4.562630209145849824e-01
1.068709711005144669e-08 -3.560597091223360877e-06 4.687225851133673959e-01
4.711126087307731525e-01 -1.999565633278244658e-01 4.560174897645098424e-01
5.958406829675522154e-03 -7.473775025159529184e-07 4.709811576199041672e-01
4.992412982947744271e-01 -1.999385406443843216e-01 4.562156770561409114e-01
1.417849398999138089e-07 -3.570698110799686020e-07 4.621126543202938586e-01
4.988988978280208264e-01 -1.966182276341499613e-01 4.534602897327285609e-01
1.953552087874399490e-07 -1.527654185477789195e-07 4.697363700163995071e-01
4.992966771009964555e-01 -2.660811307624577626e-04 4.599993779079651901e-01
6.818702358302175526e-08 -3.185723210672938843e-07 4.693292270902169050e-01
4.990589654560080857e-01 -1.999979288555884249e-01 4.711042335758737210e-01
2.717458870218902867e-07 -2.512769615211490892e-09 4.692444129158176991e-01
4.774993082313889192e-01 -1.999792047612214407e-01 4.517881281323997689e-01
3.910520240957282567e-10 -3.723533515754325757e-09 4.668366048287229675e-01
4.991711749823298794e-01 -1.999767473567880816e-01 4.506119157598302838e-01
4.193629253856911987e-07 -1.462659442175162638e-08 4.601367456426668223e-01
1.600754245919823737e-01 -1.999649010990819931e-01 4.549667192009108074e-01
4.978129580337817273e-01 -1.999999694392284588e-01 4.641122345785371195e-01
1.841444521866186790e-08 -1.147196549517934261e-08 4.511510093371301489e-01
4.989384767581599434e-01 -1.998546707792438204e-01 4.598508265919656890e-01
1.442227067771639781e-07 -3.105702640400498371e-06 4.678304833947767860e-01
4.985793537292209088e-01 -1.998249434924641299e-01 4.712245170269172001e-01
7.948135838375947060e-08 -1.691363766291240078e-07 4.602302529082167304e-01
4.691170367037436062e-01 -1.999905930533927290e-01 4.484046195297221038e-01
8.029781353724452231e-11 -1.499913358984222844e-07 4.667946024156978679e-01
4.987069775839901853e-01 -1.991276530345926499e-01 4.534160633155572828e-01
1.562883692463046259e-07 -3.314246717366943484e-08 4.696389757354636485e-01
4.991672773307584410e-01 -1.999556494377571214e-01 4.515060257913505737e-01
1.583195971543993608e-07 -1.450989757269260938e-07 4.460199935726661402e-01
4.985774066071705923e-01 -1.334834248455651906e-03 4.513325199379116248e-01
4.217540815476539251e-07 -1.088755274131214534e-08 4.697843441916330631e-01
1.795086664575257507e-01 -1.999898648321461747e-01 4.528244355841608004e-01
4.999563654440548621e-01 -4.332750758326286977e-05 4.637958048724898918e-01
1.057770872003871432e-07 -4.572457550325206670e-13 4.713164201680620780e-01
4.991637835761880138e-01 -1.999613189378364742e-01 4.626196705715227009e-01
3.326051337126934015e-09 -2.628234553603281398e-08 4.624816846442578733e-01
4.989391050640976655e-01 -1.997974640159425608e-01 4.534684509636694449e-01
3.231991088092911468e-07 -1.812911403494682494e-06 4.665334677387039108e-01
4.987884462250675166e-01 -1.999426626177530086e-01 4.543467257130499037e-01
2.460738676712814765e-08 -3.657691101735527361e-08 4.626104998073857222e-01
4.991732315055474878e-01 -1.998902051546919134e-01 4.535662788206544782e-01
1.190104981835748976e-02 -1.567397890102871505e-08 4.680961287230979151e-01
4.457988964843609958e-01 -1.999784114879792629e-01 4.598679582921080811e-01
1.024471743549248970e-09 -1.901949718324715682e-10 4.646147000702426366e-01
4.992672998154386033e-01 -1.999934678459578952e-01 4.707928388428661015e-01
2.665883741537200535e-08 -1.055819645611605351e-06 4.671588775075251054e-01
4.992764778295645245e-01 -1.992520636692586000e-01 4.543337847868234580e-01
6.187856679829017992e-08 -1.282872585735457538e-07 4.715008826442658729e-01
4.989422689977071057e-01 -1.999874363071424410e-01 4.462255992365333213e-01
1.223986700443362996e-01 -1.621297777282260100e-08 4.702539179276001846e-01
4.799756985186487412e-01 -1.959065948949744451e-01 4.371345327823640825e-01
1.121611359344854009e-09 -5.703214084784753724e-08 4.713957483573950613e-01
4.989439757799350450e-01 -1.999710702786486882e-01 4.488852604951218406e-01
8.113148872168629566e-08 -1.127385356619083068e-09 4.431608311408108403e-01
4.988118477251027305e-01 -1.107568804564862397e-03 4.581478752270743970e-01
6.067443950041884193e-09 -1.143642458685534269e-07 4.602552672864955730e-01
4.989691899114224727e-01 -1.994902036450384164e-01 4.535629354016403325e-01
2.099868522875691923e-05 -2.774040945393435598e-06 4.645586042757795520e-01
4.992250213082046195e-01 -1.999965197336667500e-01 4.456010116248033670e-01
4.019931624556216665e-08 -6.013317198020479148e-07 4.686433223438724593e-01
4.990107629838703152e-01 -1.999988584810045156e-01 4.533656332533035349e-01
2.552728331327303035e-05 -5.170272336218334486e-07 4.664602315906569152e-01
4.991574777764885007e-01 -1.999767148833087038e-01 4.510467483172012071e-01
7.524888806509366646e-08 -1.990993914180450020e-08 4.714384080042222092e-01
4.991732382134861368e-01 -1.363519219660510803e-05 4.570196594309987037e-01
2.937395049418256576e-09 -2.739371905528809048e-09 4.638632587706736365e-01
4.992720079288515134e-01 -1.997777779924607144e-01 4.559684296167657025e-01
1.481223369514950150e-07 -7.392480462519758488e-09 4.683237461311981487e-01
4.989313094375686930e-01 -1.999987059760771069e-01 4.527930272001782774e-01
2.548410649727550492e-07 -9.412554335883061007e-07 4.645210635954919454e-01
4.770807263289197908e-01 -1.999990385419801731e-01 4.551366741513455660e-01
2.181077904229922204e-02 -2.191447930535023181e-06 4.652722691189085658e-01
4.993760152697017674e-01 -2.423002353359737793e-04 4.493535556390728103e-01
2.089413984624616250e-08 -1.436134307308822855e-08 4.709812061288463081e-01
4.989314079021386905e-01 -1.997655147235799233e-01 4.541581079895465889e-01
3.025849167892502578e-07 -1.316698194120044518e-06 4.713660507932688204e-01
4.991205812473115122e-01 -1.999206348004136935e-01 4.568811442357814667e-01
2.099305376201954232e-07 -7.937869145899310169e-10 4.648150574099241261e-01
4.270362140799665585e-01 -1.999872082543582286e-01 4.641824962981542790e-01
1.847327915638352636e-10 -3.721696225983048278e-08 4.695495524275657973e-01
4.989130317196064368e-01 -1.997967238546411173e-01 4.334900637223942366e-01
1.344371866364435508e-07 -7.349732433770128637e-09 4.592218238700296329e-01
4.993889413907312558e-01 -1.999883485887340717e-01 4.523304426465802885e-01
6.160813853517410621e-08 -9.183434412224356080e-09 4.685014682238335393e-01
4.984916050449362812e-01 -1.998504790886203863e-01 4.568602516323667651e-01
1.154132507558375265e-02 -4.169728231549763020e-07 4.700758981124742442e-01
4.993810816708648126e-01 -7.953004501939919813e-05 4.487232132381305805e-01
1.291037595163579965e-07 -2.475057177247358409e-07 4.685132081399872583e-01
4.989559604792582759e-01 -1.999972393363582401e-01 4.555267344597451196e-01
1.162262304195438301e-02 -2.794147117672618474e-09 4.630425616203860395e-01
4.989575885247767850e-01 -1.999997791001077163e-01 4.553456203295419003e-01
2.856043625257542740e-03 -2.135082786494137130e-07 4.696609692524922330e-01
4.988128916971754090e-01 -1.975244106010612954e-01 4.547952681638503525e-01